0 0.599152 0.638285 0.070008 0.078319
0 0.435848 0.899410 0.103711 0.195875
0 0.853082 0.942514 0.107055 0.108250
0 0.273965 0.839493 0.085648 0.135764
0 0.874926 0.697778 0.079148 0.081972
0 0.507133 0.464465 0.040359 0.037986
0 0.423809 0.421687 0.037070 0.034153
0 0.296535 0.465771 0.046914 0.040486
0 0.668086 0.521965 0.043828 0.044931
0 0.340457 0.421069 0.031586 0.039028
0 0.382117 0.624201 0.050766 0.077236
0 0.239656 0.521167 0.040266 0.063167
0 0.307414 0.529340 0.047016 0.072653
0 0.639145 0.561507 0.038602 0.050625
0 0.830715 0.612056 0.071617 0.062139
0 0.985582 0.636264 0.028383 0.087583
0 0.344977 0.494785 0.039766 0.041708
0 0.563211 0.492368 0.045891 0.033236
