0 0.498109 0.628722 0.066484 0.102194
0 0.597602 0.826569 0.094047 0.139778
0 0.766156 0.642278 0.077375 0.085111
0 0.920125 0.651618 0.100234 0.102764
0 0.628617 0.510549 0.052250 0.047597
0 0.650879 0.573160 0.051320 0.038792
0 0.467348 0.438743 0.040352 0.050375
0 0.308668 0.521285 0.039961 0.057486
0 0.544996 0.502125 0.044727 0.050056
0 0.657918 0.699174 0.088586 0.113542
0 0.401004 0.677424 0.060992 0.114903
0 0.443539 0.502944 0.049437 0.066778
0 0.369398 0.587653 0.046719 0.076750
0 0.352504 0.413264 0.024742 0.037472
0 0.693453 0.502632 0.035781 0.050653
0 0.721586 0.503535 0.041047 0.043736
0 0.416437 0.431521 0.047656 0.043542
0 0.868344 0.931986 0.137844 0.136028
0 0.531852 0.579437 0.057875 0.054153
