0 0.637027 0.486160 0.045961 0.041264
0 0.615410 0.505174 0.049148 0.042069
0 0.262727 0.542389 0.043688 0.056639
0 0.384004 0.483326 0.044148 0.040458
0 0.434973 0.949986 0.122414 0.100028
0 0.559059 0.775174 0.082117 0.124764
0 0.835090 0.689382 0.090305 0.084542
0 0.485961 0.466681 0.033984 0.043111
0 0.555629 0.460847 0.035242 0.038972
0 0.282715 0.652715 0.056102 0.099875
0 0.323359 0.515882 0.047531 0.090819
0 0.502848 0.649896 0.069930 0.107847
0 0.245195 0.468882 0.037844 0.045958
0 0.352063 0.438153 0.024984 0.019639
0 0.396699 0.429840 0.020930 0.020986
0 0.474445 0.467375 0.056922 0.043306
0 0.825617 0.553174 0.072453 0.071042
0 0.765852 0.602361 0.068687 0.075500
0 0.623145 0.457444 0.049148 0.032361
